44214.553250	-234703	44214.553250	44214.552748	43.407015	13.567275
44214.615620	-234702	44214.615620	44214.615110	44.025083	13.567274
44214.677980	-234701	44214.677980	44214.677473	43.779151	13.567273
44968.023090	-222621	44968.023090	44968.020658	210.102569	99.077118
44968.957120	-222606	44968.957120	44968.956101	88.045586	99.077117
44969.019620	-222605	44969.019620	44969.018464	99.895654	99.077117
44978.997550	-222445	44978.997550	44978.996519	89.058508	99.077103
44993.900780	-222206	44993.900780	44993.901240	-39.703280	58.470969
44993.963280	-222205	44993.963280	44993.963602	-27.853212	58.470969
44994.026420	-222204	44994.026420	44994.025965	39.292855	58.470969
45020.905130	-221773	45020.905130	45020.904352	67.216091	18.736537
45021.902920	-221757	45021.902920	45021.902158	65.873177	18.736530
45024.833860	-221710	45024.833860	45024.833211	56.042365	58.470894
45731.966400	-210371	45731.966400	45731.965527	75.417519	29.096357
45763.833730	-209860	45763.833730	45763.832942	68.114181	4.076469
45854.882800	-208400	45854.882800	45854.882697	8.861217	99.075984
46054.942310	-205192	46054.942310	46054.942709	-34.457176	99.075769
46086.935650	-204679	46086.935650	46086.934849	69.203622	1.533797
46086.997960	-204678	46086.997960	46086.997212	64.637690	1.533793
48560.557800	-165014	48560.557800	48560.557153	55.904203	3.170632
48773.215090	1	48773.215090	48773.214459	54.491512	4.034363
48774.212930	-161588	48774.212930	48774.212265	57.468597	4.034363
49137.912940	-155756	49137.912940	49137.912385	47.928198	4.034984
49143.962140	-155659	49143.962140	49143.961581	48.264777	4.035005
49144.024380	-155658	49144.024380	49144.023944	37.650845	4.035005
49144.086890	-155657	49144.086890	49144.086307	50.364912	4.035006
49144.960050	-155643	49144.960050	49144.959387	57.289862	4.035009
49145.022350	-155642	49145.022350	49145.021750	51.859930	4.035009
49145.084540	-155641	49145.084540	49145.084113	36.925999	4.035009
49145.147110	-155640	49145.147110	49145.146475	54.824066	4.035009
51870.776880	-111934	51870.776880	51870.777042	-13.983242	4.078959
51870.901630	-111932	51870.901630	51870.901768	-11.883106	4.078963
52284.678950	-105297	52284.678950	52284.679254	-26.235036	0.739305
52284.741360	-105296	52284.741360	52284.741616	-22.160968	0.894150
54914.832280	-63122	54914.832280	54914.832302	-1.912195	1.226378
54914.894660	-63121	54914.894660	54914.894665	-0.430128	1.226390
54916.827930	-63090	54916.827930	54916.827913	1.449975	1.325837
54919.696600	-63044	54919.696600	54919.696604	-0.358905	1.326338
54920.756780	-63027	54920.756780	54920.756773	0.644249	1.326523
54922.627670	-62997	54922.627670	54922.627658	1.042283	1.326850
54922.690020	-62996	54922.690020	54922.690021	-0.067649	1.227862
54922.752370	-62995	54922.752370	54922.752384	-1.177580	1.227874
54922.814730	-62994	54922.814730	54922.814746	-1.423513	1.227886
54937.781830	-62754	54937.781830	54937.781830	0.032767	1.329500
54937.844200	-62753	54937.844200	54937.844192	0.650834	1.230725
54938.717290	-62739	54938.717290	54938.717272	1.527784	1.329663
54938.779610	-62738	54938.779610	54938.779635	-2.174148	1.230901
54940.650510	-62708	54940.650510	54940.650521	-0.912113	1.874783
54940.712870	-62707	54940.712870	54940.712883	-1.158045	1.231267
54940.775240	-62706	54940.775240	54940.775246	-0.539977	1.874798
54940.837640	-62705	54940.837640	54940.837609	2.670090	1.330034
54941.773050	-62690	54941.773050	54941.773052	-0.154892	1.231467
54941.835410	-62689	54941.835410	54941.835415	-0.400824	1.874930
54942.646120	-62676	54942.646120	54942.646132	-1.005942	1.231632
54942.770850	-62674	54942.770850	54942.770857	-0.633806	1.231655
54942.833220	-62673	54942.833220	54942.833220	-0.015739	1.231667
54942.895590	-62672	54942.895590	54942.895583	0.602329	1.875061
54943.706300	-62659	54943.706300	54943.706300	-0.002789	1.231832
54943.768650	-62658	54943.768650	54943.768663	-1.112722	1.231844
54943.831010	-62657	54943.831010	54943.831026	-1.358653	1.330557
54970.647030	-62227	54970.647030	54970.647050	-1.701486	2.601480
54970.709410	-62226	54970.709410	54970.709413	-0.219417	2.601485
54993.658930	-61858	54993.658930	54993.658940	-0.866455	1.339278
54998.647980	-61778	54998.647980	54998.647968	1.058971	1.340152
55005.632600	-61666	55005.632600	55005.632607	-0.565431	1.882869
55135.970980	-59576	55135.970980	55135.970956	2.108339	1.364256
55156.924900	-59240	55156.924900	55156.924872	2.419130	1.367943
55156.987240	-59239	55156.987240	55156.987235	0.445199	1.367954
55157.922710	-59224	55157.922710	55157.922678	2.804216	1.902013
55158.982870	-59207	55158.982870	55158.982846	2.079369	1.368305
55160.916110	-59176	55160.916110	55160.916094	1.367471	1.368645
55160.978470	-59175	55160.978470	55160.978457	1.121540	1.368656
55161.913910	-59160	55161.913910	55161.913900	0.888558	1.368821
55161.976290	-59159	55161.976290	55161.976263	2.370625	1.902527
55162.911740	-59144	55162.911740	55162.911705	3.001643	1.902645
55205.942100	-58454	55205.942100	55205.942069	2.652447	1.281422
55206.004460	-58453	55206.004460	55206.004432	2.406515	1.281434
55206.939920	-58438	55206.939920	55206.939875	3.901532	1.281611
55207.002310	-58437	55207.002310	55207.002238	6.247601	1.376762
55208.873170	-58407	55208.873170	55208.873123	4.053635	1.377091
55209.870980	-58391	55209.870980	55209.870929	4.438721	1.282166
55209.933310	-58390	55209.933310	55209.933291	1.600788	1.377278
55209.995690	-58389	55209.995690	55209.995654	3.082856	1.282190
55212.989110	-58341	55212.989110	55212.989071	3.374112	1.377817
55244.918890	-57829	55244.918890	55244.918848	3.600842	1.288802
55244.981260	-57828	55244.981260	55244.981211	4.218910	1.383458
55246.976860	-57796	55246.976860	55246.976822	3.261081	1.383810
55389.663080	-55508	55389.663080	55389.663015	5.624282	1.409030
56670.346770	-34972	56670.346770	56670.346429	29.433292	2.105281
56717.368350	-34218	56717.368350	56717.368016	28.896438	2.111941
56748.300370	-33722	56748.300370	56748.299987	33.058083	1.574815
57100.338720	-28077	57100.338720	57100.338256	40.130998	2.166861
57101.149460	-28064	57101.149460	57101.148973	42.117880	2.816859
57748.288850	-17687	57748.288850	57748.288230	53.567779	1.836341
57748.351190	-17686	57748.351190	57748.350593	51.593847	1.836352
57802.232720	-16822	57802.232720	57802.232092	54.244455	2.270392
57802.419820	-16819	57802.419820	57802.419181	55.234659	2.270420
57829.360570	-16387	57829.360570	57829.359930	55.263962	2.900358
58140.426470	-11399	58140.426470	58140.425808	57.162311	1.908766
58200.232450	-10440	58200.232450	58200.231778	58.049363	2.330597
58542.417410	-4953	58542.417410	58542.416717	59.915560	3.694615
58580.084550	-4349	58580.084550	58580.083876	58.252531	2.991002
58851.300610	0	58851.300610	58851.299895	61.781535	3.024809
58870.258890	304	58870.258890	58870.258200	59.594156	3.027192
58870.383640	306	58870.383640	58870.382926	61.694292	2.434151
58871.194310	319	58871.194310	58871.193643	57.633173	3.727800
58871.256750	320	58871.256750	58871.256006	64.299241	3.027318
58873.314700	353	58873.314700	58873.313980	62.231480	2.434609
58873.439430	355	58873.439430	58873.438705	62.603616	3.027592
58880.174630	463	58880.174630	58880.173893	63.690942	3.028440
58909.298030	930	58909.298030	58909.297342	59.432619	2.440242
58926.135990	1200	58926.135990	58926.135311	58.694935	3.733424
58931.125040	1280	58931.125040	58931.124338	60.620361	3.034861
